39.56034587754654
36.45679464336589
32.04189181250853
23.330814858228287
0.8184586006265882
39.13715994643005
27.684115428516584
32.527166110501184
18.735494099486317
36.23369488952319
16.58781417614182
14.70495194759927
2.682800912726022
6.8015576664516475
19.894859992857402
38.97015146812158
36.39365572816749
32.64630939892428
10.15841427600147
6.191976365929954
19.113453824966516
17.82149039244913
3.9064333157739695
7.911292463001267
36.20334626831097
6.244506916142276
23.044731679435607
13.819716828378773
1.121860027633681
6.575606841012336
2.885813334928349
13.377512791488115
35.26732693551496
1.5237645034952552
22.454413113915326
25.470569421821168
38.855044603825476
12.308070052036593
25.30524836420726
4.22841466007617
23.49814272043547
28.2212978341027