0.00
2.2649548866534275
36.55920731360547
27.65886553900007
24.463808313674768
23.79456610584535
36.14236823153772
13.96033611544421
30.748037437553602
13.7321739839685
39.8513050270796
27.13354320211966
39.44547984966961
34.30904429691734
26.009041356427996
18.254541386146947
8.412507744510101
32.57116479530427
7.656324966330725
37.35671315799354
4.458189671271637
24.936711919162175
21.953038261647315
38.921820615518875
16.989057815341035
39.34606111871076
12.530191734489083
23.278828547688516
38.89455303903426
28.295525350091356
12.314841677063914
24.990621692241938
3.53109414342176
2.0413906854051556
39.696920247104394
12.048738475463928
21.889754285109348
12.705934010897447
13.50820431280571
20.678234470934527
35.24517929095442
23.43174597018443
35.730328165999076
28.144954021824592
9.765147309528173
7.367202687049201
4.769580749494922
9.080214195081915
0.3487987213768262
6.685558102218883
22.528455255182642
22.077563411095046
21.263768740543888
4.743308396318087
6.100336339609309
4.077983547826101